
0 , 0
1 , 0
2 , 1,1, prime 
3 , 1,1, prime 
4 , 1,2,2
5 , 1,1, prime 
6 , 1,2,3,3
7 , 1,1, prime 
8 , 1,2,4,3
9 , 1,3,2
10 , 1,2,5,3
11 , 1,1, prime 
12 , 1,2,3,4,6,5
13 , 1,1, prime 
14 , 1,2,7,3
15 , 1,3,5,3
16 , 1,2,4,8,4
17 , 1,1, prime 
18 , 1,2,3,6,9,5
19 , 1,1, prime 
20 , 1,2,4,5,10,5
21 , 1,3,7,3
22 , 1,2,11,3
23 , 1,1, prime 
24 , 1,2,3,4,6,8,12,7
25 , 1,5,2
26 , 1,2,13,3
27 , 1,3,9,3
28 , 1,2,4,7,14,5
29 , 1,1, prime 
30 , 1,2,3,5,6,10,15,7
31 , 1,1, prime 
32 , 1,2,4,8,16,5
33 , 1,3,11,3
34 , 1,2,17,3
35 , 1,5,7,3
36 , 1,2,3,4,6,9,12,18,8
37 , 1,1, prime 
38 , 1,2,19,3
39 , 1,3,13,3
40 , 1,2,4,5,8,10,20,7
41 , 1,1, prime 
42 , 1,2,3,6,7,14,21,7
43 , 1,1, prime 
44 , 1,2,4,11,22,5
45 , 1,3,5,9,15,5
46 , 1,2,23,3
47 , 1,1, prime 
48 , 1,2,3,4,6,8,12,16,24,9
49 , 1,7,2
50 , 1,2,5,10,25,5
51 , 1,3,17,3
52 , 1,2,4,13,26,5
53 , 1,1, prime 
54 , 1,2,3,6,9,18,27,7
55 , 1,5,11,3
56 , 1,2,4,7,8,14,28,7
57 , 1,3,19,3
58 , 1,2,29,3
59 , 1,1, prime 
60 , 1,2,3,4,5,6,10,12,15,20,30,11
61 , 1,1, prime 
62 , 1,2,31,3
63 , 1,3,7,9,21,5
64 , 1,2,4,8,16,32,6
65 , 1,5,13,3
66 , 1,2,3,6,11,22,33,7
67 , 1,1, prime 
68 , 1,2,4,17,34,5
69 , 1,3,23,3
70 , 1,2,5,7,10,14,35,7
71 , 1,1, prime 
72 , 1,2,3,4,6,8,9,12,18,24,36,11
73 , 1,1, prime 
74 , 1,2,37,3
75 , 1,3,5,15,25,5
76 , 1,2,4,19,38,5
77 , 1,7,11,3
78 , 1,2,3,6,13,26,39,7
79 , 1,1, prime 
80 , 1,2,4,5,8,10,16,20,40,9
81 , 1,3,9,27,4
82 , 1,2,41,3
83 , 1,1, prime 
84 , 1,2,3,4,6,7,12,14,21,28,42,11
85 , 1,5,17,3
86 , 1,2,43,3
87 , 1,3,29,3
88 , 1,2,4,8,11,22,44,7
89 , 1,1, prime 
90 , 1,2,3,5,6,9,10,15,18,30,45,11
91 , 1,7,13,3
92 , 1,2,4,23,46,5
93 , 1,3,31,3
94 , 1,2,47,3
95 , 1,5,19,3
96 , 1,2,3,4,6,8,12,16,24,32,48,11
97 , 1,1, prime 
98 , 1,2,7,14,49,5
99 , 1,3,9,11,33,5
100 , 1,2,4,5,10,20,25,50,8
101 , 1,1, prime 
102 , 1,2,3,6,17,34,51,7
103 , 1,1, prime 
104 , 1,2,4,8,13,26,52,7
105 , 1,3,5,7,15,21,35,7
106 , 1,2,53,3
107 , 1,1, prime 
108 , 1,2,3,4,6,9,12,18,27,36,54,11
109 , 1,1, prime 
110 , 1,2,5,10,11,22,55,7
111 , 1,3,37,3
112 , 1,2,4,7,8,14,16,28,56,9
113 , 1,1, prime 
114 , 1,2,3,6,19,38,57,7
115 , 1,5,23,3
116 , 1,2,4,29,58,5
117 , 1,3,9,13,39,5
118 , 1,2,59,3
119 , 1,7,17,3
120 , 1,2,3,4,5,6,8,10,12,15,20,24,30,40,60,15
121 , 1,11,2
122 , 1,2,61,3
123 , 1,3,41,3
124 , 1,2,4,31,62,5
125 , 1,5,25,3
126 , 1,2,3,6,7,9,14,18,21,42,63,11
127 , 1,1, prime 
128 , 1,2,4,8,16,32,64,7
129 , 1,3,43,3
130 , 1,2,5,10,13,26,65,7
131 , 1,1, prime 
132 , 1,2,3,4,6,11,12,22,33,44,66,11
133 , 1,7,19,3
134 , 1,2,67,3
135 , 1,3,5,9,15,27,45,7
136 , 1,2,4,8,17,34,68,7
137 , 1,1, prime 
138 , 1,2,3,6,23,46,69,7
139 , 1,1, prime 
140 , 1,2,4,5,7,10,14,20,28,35,70,11
141 , 1,3,47,3
142 , 1,2,71,3
143 , 1,11,13,3
144 , 1,2,3,4,6,8,9,12,16,18,24,36,48,72,14
145 , 1,5,29,3
146 , 1,2,73,3
147 , 1,3,7,21,49,5
148 , 1,2,4,37,74,5
149 , 1,1, prime 
150 , 1,2,3,5,6,10,15,25,30,50,75,11
151 , 1,1, prime 
152 , 1,2,4,8,19,38,76,7
153 , 1,3,9,17,51,5
154 , 1,2,7,11,14,22,77,7
155 , 1,5,31,3
156 , 1,2,3,4,6,12,13,26,39,52,78,11
157 , 1,1, prime 
158 , 1,2,79,3
159 , 1,3,53,3
160 , 1,2,4,5,8,10,16,20,32,40,80,11
161 , 1,7,23,3
162 , 1,2,3,6,9,18,27,54,81,9
163 , 1,1, prime 
164 , 1,2,4,41,82,5
165 , 1,3,5,11,15,33,55,7
166 , 1,2,83,3
167 , 1,1, prime 
168 , 1,2,3,4,6,7,8,12,14,21,24,28,42,56,84,15
169 , 1,13,2
170 , 1,2,5,10,17,34,85,7
171 , 1,3,9,19,57,5
172 , 1,2,4,43,86,5
173 , 1,1, prime 
174 , 1,2,3,6,29,58,87,7
175 , 1,5,7,25,35,5
176 , 1,2,4,8,11,16,22,44,88,9
177 , 1,3,59,3
178 , 1,2,89,3
179 , 1,1, prime 
180 , 1,2,3,4,5,6,9,10,12,15,18,20,30,36,45,60,90,17
181 , 1,1, prime 
182 , 1,2,7,13,14,26,91,7
183 , 1,3,61,3
184 , 1,2,4,8,23,46,92,7
185 , 1,5,37,3
186 , 1,2,3,6,31,62,93,7
187 , 1,11,17,3
188 , 1,2,4,47,94,5
189 , 1,3,7,9,21,27,63,7
190 , 1,2,5,10,19,38,95,7
191 , 1,1, prime 
192 , 1,2,3,4,6,8,12,16,24,32,48,64,96,13
193 , 1,1, prime 
194 , 1,2,97,3
195 , 1,3,5,13,15,39,65,7
196 , 1,2,4,7,14,28,49,98,8
197 , 1,1, prime 
198 , 1,2,3,6,9,11,18,22,33,66,99,11
199 , 1,1, prime 
200 , 1,2,4,5,8,10,20,25,40,50,100,11
201 , 1,3,67,3
202 , 1,2,101,3
203 , 1,7,29,3
204 , 1,2,3,4,6,12,17,34,51,68,102,11
205 , 1,5,41,3
206 , 1,2,103,3
207 , 1,3,9,23,69,5
208 , 1,2,4,8,13,16,26,52,104,9
209 , 1,11,19,3
210 , 1,2,3,5,6,7,10,14,15,21,30,35,42,70,105,15
211 , 1,1, prime 
212 , 1,2,4,53,106,5
213 , 1,3,71,3
214 , 1,2,107,3
215 , 1,5,43,3
216 , 1,2,3,4,6,8,9,12,18,24,27,36,54,72,108,15
217 , 1,7,31,3
218 , 1,2,109,3
219 , 1,3,73,3
220 , 1,2,4,5,10,11,20,22,44,55,110,11
221 , 1,13,17,3
222 , 1,2,3,6,37,74,111,7
223 , 1,1, prime 
224 , 1,2,4,7,8,14,16,28,32,56,112,11
225 , 1,3,5,9,15,25,45,75,8
226 , 1,2,113,3
227 , 1,1, prime 
228 , 1,2,3,4,6,12,19,38,57,76,114,11
229 , 1,1, prime 
230 , 1,2,5,10,23,46,115,7
231 , 1,3,7,11,21,33,77,7
232 , 1,2,4,8,29,58,116,7
233 , 1,1, prime 
234 , 1,2,3,6,9,13,18,26,39,78,117,11
235 , 1,5,47,3
236 , 1,2,4,59,118,5
237 , 1,3,79,3
238 , 1,2,7,14,17,34,119,7
239 , 1,1, prime 
240 , 1,2,3,4,5,6,8,10,12,15,16,20,24,30,40,48,60,80,120,19
241 , 1,1, prime 
242 , 1,2,11,22,121,5
243 , 1,3,9,27,81,5
244 , 1,2,4,61,122,5
245 , 1,5,7,35,49,5
246 , 1,2,3,6,41,82,123,7
247 , 1,13,19,3
248 , 1,2,4,8,31,62,124,7
249 , 1,3,83,3
250 , 1,2,5,10,25,50,125,7
251 , 1,1, prime 
252 , 1,2,3,4,6,7,9,12,14,18,21,28,36,42,63,84,126,17
253 , 1,11,23,3
254 , 1,2,127,3
255 , 1,3,5,15,17,51,85,7
256 , 1,2,4,8,16,32,64,128,8
257 , 1,1, prime 
258 , 1,2,3,6,43,86,129,7
259 , 1,7,37,3
260 , 1,2,4,5,10,13,20,26,52,65,130,11
261 , 1,3,9,29,87,5
262 , 1,2,131,3
263 , 1,1, prime 
264 , 1,2,3,4,6,8,11,12,22,24,33,44,66,88,132,15
265 , 1,5,53,3
266 , 1,2,7,14,19,38,133,7
267 , 1,3,89,3
268 , 1,2,4,67,134,5
269 , 1,1, prime 
270 , 1,2,3,5,6,9,10,15,18,27,30,45,54,90,135,15
271 , 1,1, prime 
272 , 1,2,4,8,16,17,34,68,136,9
273 , 1,3,7,13,21,39,91,7
274 , 1,2,137,3
275 , 1,5,11,25,55,5
276 , 1,2,3,4,6,12,23,46,69,92,138,11
277 , 1,1, prime 
278 , 1,2,139,3
279 , 1,3,9,31,93,5
280 , 1,2,4,5,7,8,10,14,20,28,35,40,56,70,140,15
281 , 1,1, prime 
282 , 1,2,3,6,47,94,141,7
283 , 1,1, prime 
284 , 1,2,4,71,142,5
285 , 1,3,5,15,19,57,95,7
286 , 1,2,11,13,22,26,143,7
287 , 1,7,41,3
288 , 1,2,3,4,6,8,9,12,16,18,24,32,36,48,72,96,144,17
289 , 1,17,2
290 , 1,2,5,10,29,58,145,7
291 , 1,3,97,3
292 , 1,2,4,73,146,5
293 , 1,1, prime 
294 , 1,2,3,6,7,14,21,42,49,98,147,11
295 , 1,5,59,3
296 , 1,2,4,8,37,74,148,7
297 , 1,3,9,11,27,33,99,7
298 , 1,2,149,3
299 , 1,13,23,3
300 , 1,2,3,4,5,6,10,12,15,20,25,30,50,60,75,100,150,17
301 , 1,7,43,3
302 , 1,2,151,3
303 , 1,3,101,3
304 , 1,2,4,8,16,19,38,76,152,9
305 , 1,5,61,3
306 , 1,2,3,6,9,17,18,34,51,102,153,11
307 , 1,1, prime 
308 , 1,2,4,7,11,14,22,28,44,77,154,11
309 , 1,3,103,3
310 , 1,2,5,10,31,62,155,7
311 , 1,1, prime 
312 , 1,2,3,4,6,8,12,13,24,26,39,52,78,104,156,15
313 , 1,1, prime 
314 , 1,2,157,3
315 , 1,3,5,7,9,15,21,35,45,63,105,11
316 , 1,2,4,79,158,5
317 , 1,1, prime 
318 , 1,2,3,6,53,106,159,7
319 , 1,11,29,3
320 , 1,2,4,5,8,10,16,20,32,40,64,80,160,13
321 , 1,3,107,3
322 , 1,2,7,14,23,46,161,7
323 , 1,17,19,3
324 , 1,2,3,4,6,9,12,18,27,36,54,81,108,162,14
325 , 1,5,13,25,65,5
326 , 1,2,163,3
327 , 1,3,109,3
328 , 1,2,4,8,41,82,164,7
329 , 1,7,47,3
330 , 1,2,3,5,6,10,11,15,22,30,33,55,66,110,165,15
331 , 1,1, prime 
332 , 1,2,4,83,166,5
333 , 1,3,9,37,111,5
334 , 1,2,167,3
335 , 1,5,67,3
336 , 1,2,3,4,6,7,8,12,14,16,21,24,28,42,48,56,84,112,168,19
337 , 1,1, prime 
338 , 1,2,13,26,169,5
339 , 1,3,113,3
340 , 1,2,4,5,10,17,20,34,68,85,170,11
341 , 1,11,31,3
342 , 1,2,3,6,9,18,19,38,57,114,171,11
343 , 1,7,49,3
344 , 1,2,4,8,43,86,172,7
345 , 1,3,5,15,23,69,115,7
346 , 1,2,173,3
347 , 1,1, prime 
348 , 1,2,3,4,6,12,29,58,87,116,174,11
349 , 1,1, prime 
350 , 1,2,5,7,10,14,25,35,50,70,175,11
351 , 1,3,9,13,27,39,117,7
352 , 1,2,4,8,11,16,22,32,44,88,176,11
353 , 1,1, prime 
354 , 1,2,3,6,59,118,177,7
355 , 1,5,71,3
356 , 1,2,4,89,178,5
357 , 1,3,7,17,21,51,119,7
358 , 1,2,179,3
359 , 1,1, prime 
360 , 1,2,3,4,5,6,8,9,10,12,15,18,20,24,30,36,40,45,60,72,90,120,180,23
361 , 1,19,2
362 , 1,2,181,3
363 , 1,3,11,33,121,5
364 , 1,2,4,7,13,14,26,28,52,91,182,11
365 , 1,5,73,3
366 , 1,2,3,6,61,122,183,7
367 , 1,1, prime 
368 , 1,2,4,8,16,23,46,92,184,9
369 , 1,3,9,41,123,5
370 , 1,2,5,10,37,74,185,7
371 , 1,7,53,3
372 , 1,2,3,4,6,12,31,62,93,124,186,11
373 , 1,1, prime 
374 , 1,2,11,17,22,34,187,7
375 , 1,3,5,15,25,75,125,7
376 , 1,2,4,8,47,94,188,7
377 , 1,13,29,3
378 , 1,2,3,6,7,9,14,18,21,27,42,54,63,126,189,15
379 , 1,1, prime 
380 , 1,2,4,5,10,19,20,38,76,95,190,11
381 , 1,3,127,3
382 , 1,2,191,3
383 , 1,1, prime 
384 , 1,2,3,4,6,8,12,16,24,32,48,64,96,128,192,15
385 , 1,5,7,11,35,55,77,7
386 , 1,2,193,3
387 , 1,3,9,43,129,5
388 , 1,2,4,97,194,5
389 , 1,1, prime 
390 , 1,2,3,5,6,10,13,15,26,30,39,65,78,130,195,15
391 , 1,17,23,3
392 , 1,2,4,7,8,14,28,49,56,98,196,11
393 , 1,3,131,3
394 , 1,2,197,3
395 , 1,5,79,3
396 , 1,2,3,4,6,9,11,12,18,22,33,36,44,66,99,132,198,17
397 , 1,1, prime 
398 , 1,2,199,3
399 , 1,3,7,19,21,57,133,7
400 , 1,2,4,5,8,10,16,20,25,40,50,80,100,200,14
401 , 1,1, prime 
402 , 1,2,3,6,67,134,201,7
403 , 1,13,31,3
404 , 1,2,4,101,202,5
405 , 1,3,5,9,15,27,45,81,135,9
406 , 1,2,7,14,29,58,203,7
407 , 1,11,37,3
408 , 1,2,3,4,6,8,12,17,24,34,51,68,102,136,204,15
409 , 1,1, prime 
410 , 1,2,5,10,41,82,205,7
411 , 1,3,137,3
412 , 1,2,4,103,206,5
413 , 1,7,59,3
414 , 1,2,3,6,9,18,23,46,69,138,207,11
415 , 1,5,83,3
416 , 1,2,4,8,13,16,26,32,52,104,208,11
417 , 1,3,139,3
418 , 1,2,11,19,22,38,209,7
419 , 1,1, prime 
420 , 1,2,3,4,5,6,7,10,12,14,15,20,21,28,30,35,42,60,70,84,105,140,210,23
421 , 1,1, prime 
422 , 1,2,211,3
423 , 1,3,9,47,141,5
424 , 1,2,4,8,53,106,212,7
425 , 1,5,17,25,85,5
426 , 1,2,3,6,71,142,213,7
427 , 1,7,61,3
428 , 1,2,4,107,214,5
429 , 1,3,11,13,33,39,143,7
430 , 1,2,5,10,43,86,215,7
431 , 1,1, prime 
432 , 1,2,3,4,6,8,9,12,16,18,24,27,36,48,54,72,108,144,216,19
433 , 1,1, prime 
434 , 1,2,7,14,31,62,217,7
435 , 1,3,5,15,29,87,145,7
436 , 1,2,4,109,218,5
437 , 1,19,23,3
438 , 1,2,3,6,73,146,219,7
439 , 1,1, prime 
440 , 1,2,4,5,8,10,11,20,22,40,44,55,88,110,220,15
441 , 1,3,7,9,21,49,63,147,8
442 , 1,2,13,17,26,34,221,7
443 , 1,1, prime 
444 , 1,2,3,4,6,12,37,74,111,148,222,11
445 , 1,5,89,3
446 , 1,2,223,3
447 , 1,3,149,3
448 , 1,2,4,7,8,14,16,28,32,56,64,112,224,13
449 , 1,1, prime 
450 , 1,2,3,5,6,9,10,15,18,25,30,45,50,75,90,150,225,17
451 , 1,11,41,3
452 , 1,2,4,113,226,5
453 , 1,3,151,3
454 , 1,2,227,3
455 , 1,5,7,13,35,65,91,7
456 , 1,2,3,4,6,8,12,19,24,38,57,76,114,152,228,15
457 , 1,1, prime 
458 , 1,2,229,3
459 , 1,3,9,17,27,51,153,7
460 , 1,2,4,5,10,20,23,46,92,115,230,11
461 , 1,1, prime 
462 , 1,2,3,6,7,11,14,21,22,33,42,66,77,154,231,15
463 , 1,1, prime 
464 , 1,2,4,8,16,29,58,116,232,9
465 , 1,3,5,15,31,93,155,7
466 , 1,2,233,3
467 , 1,1, prime 
468 , 1,2,3,4,6,9,12,13,18,26,36,39,52,78,117,156,234,17
469 , 1,7,67,3
470 , 1,2,5,10,47,94,235,7
471 , 1,3,157,3
472 , 1,2,4,8,59,118,236,7
473 , 1,11,43,3
474 , 1,2,3,6,79,158,237,7
475 , 1,5,19,25,95,5
476 , 1,2,4,7,14,17,28,34,68,119,238,11
477 , 1,3,9,53,159,5
478 , 1,2,239,3
479 , 1,1, prime 
480 , 1,2,3,4,5,6,8,10,12,15,16,20,24,30,32,40,48,60,80,96,120,160,240,23
481 , 1,13,37,3
482 , 1,2,241,3
483 , 1,3,7,21,23,69,161,7
484 , 1,2,4,11,22,44,121,242,8
485 , 1,5,97,3
486 , 1,2,3,6,9,18,27,54,81,162,243,11
487 , 1,1, prime 
488 , 1,2,4,8,61,122,244,7
489 , 1,3,163,3
490 , 1,2,5,7,10,14,35,49,70,98,245,11
491 , 1,1, prime 
492 , 1,2,3,4,6,12,41,82,123,164,246,11
493 , 1,17,29,3
494 , 1,2,13,19,26,38,247,7
495 , 1,3,5,9,11,15,33,45,55,99,165,11
496 , 1,2,4,8,16,31,62,124,248,9
497 , 1,7,71,3
498 , 1,2,3,6,83,166,249,7
499 , 1,1, prime 